3 0.790865 0.334135 0.072115 0.100962
3 0.252404 0.521635 0.096154 0.086538
3 0.432692 0.520433 0.100962 0.117788
3 0.257212 0.474760 0.067308 0.064904
3 0.867788 0.334135 0.072115 0.100962
3 0.079327 0.521635 0.096154 0.086538
3 0.074519 0.474760 0.067308 0.064904
0 0.790865 0.334135 0.072115 0.100962
0 0.252404 0.521635 0.096154 0.086538
0 0.432692 0.520433 0.100962 0.117788
0 0.257212 0.474760 0.067308 0.064904
0 0.867788 0.334135 0.072115 0.100962
0 0.079327 0.521635 0.096154 0.086538
0 0.074519 0.474760 0.067308 0.064904
