4 0.631010 0.430120 0.055288 0.069880
4 0.693510 0.433735 0.064904 0.081928
4 0.176683 0.428916 0.050481 0.077108
4 0.224760 0.428916 0.045673 0.067470
4 0.539663 0.431325 0.050481 0.067470
4 0.393029 0.445783 0.050481 0.062651
4 0.034856 0.465060 0.050481 0.057831
4 0.045673 0.432530 0.038462 0.045783
4 0.324519 0.433735 0.038462 0.048193
4 0.298077 0.431325 0.028846 0.053012
4 0.453125 0.443373 0.036058 0.053012
2 0.631010 0.430120 0.055288 0.069880
2 0.693510 0.433735 0.064904 0.081928
2 0.176683 0.428916 0.050481 0.077108
2 0.224760 0.428916 0.045673 0.067470
2 0.539663 0.431325 0.050481 0.067470
2 0.393029 0.445783 0.050481 0.062651
2 0.034856 0.465060 0.050481 0.057831
2 0.045673 0.432530 0.038462 0.045783
2 0.324519 0.433735 0.038462 0.048193
2 0.298077 0.431325 0.028846 0.053012
2 0.453125 0.443373 0.036058 0.053012
